[gd_scene load_steps=20 format=3 uid="uid://b7gypuykawfrm"]

[ext_resource type="PackedScene" uid="uid://cpkbffbit72ha" path="res://Assets/Goblins/SwordGoblin.glb" id="1_uhvs6"]

[sub_resource type="AnimationNodeAnimation" id="AnimationNodeAnimation_oefpe"]
animation = &"GoblinAttack1"

[sub_resource type="AnimationNodeAnimation" id="AnimationNodeAnimation_cjpa6"]
animation = &"GoblinAttack2"

[sub_resource type="AnimationNodeAnimation" id="AnimationNodeAnimation_d5mrr"]
animation = &"GoblinDeath"

[sub_resource type="AnimationNodeAnimation" id="AnimationNodeAnimation_eorpj"]
animation = &"GoblinRun"

[sub_resource type="AnimationNodeAnimation" id="AnimationNodeAnimation_vygqw"]
animation = &"GoblinSwordIdle"

[sub_resource type="AnimationNodeStateMachineTransition" id="AnimationNodeStateMachineTransition_l0y8h"]
advance_mode = 2

[sub_resource type="AnimationNodeStateMachineTransition" id="AnimationNodeStateMachineTransition_wq3ve"]
advance_mode = 2
advance_condition = &"IsMoving"

[sub_resource type="AnimationNodeStateMachineTransition" id="AnimationNodeStateMachineTransition_tiyah"]
advance_mode = 2
advance_condition = &"Attack1"

[sub_resource type="AnimationNodeStateMachineTransition" id="AnimationNodeStateMachineTransition_a7740"]
advance_mode = 2
advance_condition = &"Attack2"

[sub_resource type="AnimationNodeStateMachineTransition" id="AnimationNodeStateMachineTransition_oa2b5"]
advance_mode = 2
advance_condition = &"IsDead"

[sub_resource type="AnimationNodeStateMachineTransition" id="AnimationNodeStateMachineTransition_4amuu"]
advance_mode = 2
advance_condition = &"IsDead"

[sub_resource type="AnimationNodeStateMachineTransition" id="AnimationNodeStateMachineTransition_5tqu2"]
advance_mode = 2
advance_condition = &"IsDead"

[sub_resource type="AnimationNodeStateMachineTransition" id="AnimationNodeStateMachineTransition_ery0e"]
advance_mode = 2
advance_condition = &"IsDead"

[sub_resource type="AnimationNodeStateMachineTransition" id="AnimationNodeStateMachineTransition_dodqf"]
switch_mode = 2
advance_mode = 2
advance_condition = &"IsMoving"

[sub_resource type="AnimationNodeStateMachineTransition" id="AnimationNodeStateMachineTransition_6kl0d"]
switch_mode = 2
advance_mode = 2
advance_condition = &"IsMoving"

[sub_resource type="AnimationNodeStateMachineTransition" id="AnimationNodeStateMachineTransition_at804"]
advance_mode = 2
advance_condition = &"Idling"

[sub_resource type="AnimationNodeStateMachineTransition" id="AnimationNodeStateMachineTransition_4vekp"]
switch_mode = 2
advance_mode = 2

[sub_resource type="AnimationNodeStateMachine" id="AnimationNodeStateMachine_w7vyr"]
states/End/position = Vector2(270, 301)
states/GoblinAttack1/node = SubResource("AnimationNodeAnimation_oefpe")
states/GoblinAttack1/position = Vector2(634, 198)
states/GoblinAttack2/node = SubResource("AnimationNodeAnimation_cjpa6")
states/GoblinAttack2/position = Vector2(634, 125)
states/GoblinDeath/node = SubResource("AnimationNodeAnimation_d5mrr")
states/GoblinDeath/position = Vector2(129, 259)
states/GoblinRun/node = SubResource("AnimationNodeAnimation_eorpj")
states/GoblinRun/position = Vector2(380, 68)
states/GoblinSwordIdle/node = SubResource("AnimationNodeAnimation_vygqw")
states/GoblinSwordIdle/position = Vector2(187, 83)
states/Start/position = Vector2(68, 83)
transitions = ["Start", "GoblinSwordIdle", SubResource("AnimationNodeStateMachineTransition_l0y8h"), "GoblinSwordIdle", "GoblinRun", SubResource("AnimationNodeStateMachineTransition_wq3ve"), "GoblinRun", "GoblinAttack1", SubResource("AnimationNodeStateMachineTransition_tiyah"), "GoblinRun", "GoblinAttack2", SubResource("AnimationNodeStateMachineTransition_a7740"), "GoblinSwordIdle", "GoblinDeath", SubResource("AnimationNodeStateMachineTransition_oa2b5"), "GoblinAttack1", "GoblinDeath", SubResource("AnimationNodeStateMachineTransition_4amuu"), "GoblinRun", "GoblinDeath", SubResource("AnimationNodeStateMachineTransition_5tqu2"), "GoblinAttack2", "GoblinDeath", SubResource("AnimationNodeStateMachineTransition_ery0e"), "GoblinAttack1", "GoblinRun", SubResource("AnimationNodeStateMachineTransition_dodqf"), "GoblinAttack2", "GoblinRun", SubResource("AnimationNodeStateMachineTransition_6kl0d"), "GoblinRun", "GoblinSwordIdle", SubResource("AnimationNodeStateMachineTransition_at804"), "GoblinDeath", "End", SubResource("AnimationNodeStateMachineTransition_4vekp")]
graph_offset = Vector2(-218, 60)

[node name="SwordGoblin" instance=ExtResource("1_uhvs6")]

[node name="Skeleton3D" parent="GoblinTemplate_Skeleton" index="0"]
bones/1/position = Vector3(-8.1902e-17, 0.27, 8.93674e-10)
bones/1/rotation = Quaternion(-0.0149951, 7.32335e-09, -1.48407e-09, 0.999888)
bones/1/scale = Vector3(1, 1, 1)
bones/2/rotation = Quaternion(0.0149951, -5.69501e-06, 0.000379263, 0.999888)
bones/2/scale = Vector3(1, 1, 1)
bones/3/rotation = Quaternion(9.31323e-10, -7.10543e-15, 8.14188e-17, 1)
bones/4/rotation = Quaternion(1.14524e-07, 1.0136e-07, -0.857493, 0.514496)
bones/5/rotation = Quaternion(-4.52018e-09, 5.90001e-08, -0.28057, 0.959833)
bones/6/rotation = Quaternion(6.70902e-08, -1.16376e-10, -0.252606, 0.967569)
bones/7/rotation = Quaternion(1.46901e-14, 2.65968e-14, -2.48297e-16, 1)
bones/8/rotation = Quaternion(-1.41629e-13, 2.65968e-14, -2.48293e-16, 1)
bones/9/rotation = Quaternion(5.73226e-14, 2.65968e-14, -2.48258e-16, 1)
bones/10/position = Vector3(0.03, 0.04, 1.05689e-08)
bones/10/scale = Vector3(1, 1, 1)
bones/11/rotation = Quaternion(0.447214, 1.90269e-11, 2.32823e-07, 0.894427)
bones/12/rotation = Quaternion(0.316228, 1.99647e-11, 1.64644e-07, 0.948683)
bones/13/rotation = Quaternion(0.857493, -0.514496, 3.23691e-07, -2.64762e-08)
bones/13/scale = Vector3(1, 1, 1)
bones/14/rotation = Quaternion(-1.27799e-22, 1.19209e-07, 8.4063e-30, 1)
bones/15/rotation = Quaternion(3.52436e-11, -0.153274, -1.43621e-10, 0.988184)
bones/26/rotation = Quaternion(1.22032e-08, -1.78954e-09, 0.28057, 0.959834)
bones/27/rotation = Quaternion(6.70902e-08, 1.16393e-10, 0.252606, 0.967569)
bones/28/rotation = Quaternion(-2.56422e-14, -1.11716e-15, -2.9103e-11, 1)
bones/29/rotation = Quaternion(9.73221e-08, 1.3387e-10, 0.365804, 0.930692)
bones/30/rotation = Quaternion(2.25842e-07, -2.74816e-10, 0.850922, 0.525292)
bones/31/position = Vector3(-0.03, 0.04, 2.01441e-08)
bones/31/scale = Vector3(1, 1, 1)
bones/32/rotation = Quaternion(0.707107, 0.000466018, -0.000465722, 0.707107)
bones/32/scale = Vector3(1, 1, 1)
bones/33/rotation = Quaternion(0.447214, -5.15289e-11, -2.32823e-07, 0.894427)
bones/34/rotation = Quaternion(0.381102, -0.0622458, 0.723366, 0.572389)
bones/35/rotation = Quaternion(0.99886, 0.0453098, 0.000673542, -0.0149791)
bones/35/scale = Vector3(1.00002, 1, 1)
bones/36/rotation = Quaternion(5.48503e-08, -1.50813e-08, 0.00967587, 0.999953)
bones/37/rotation = Quaternion(-0.707106, 6.84318e-06, 5.91331e-06, 0.707107)
bones/38/rotation = Quaternion(0.99886, -0.0453098, -0.000673498, -0.0149791)
bones/38/scale = Vector3(1.00002, 1, 1)
bones/39/rotation = Quaternion(7.42496e-08, 7.7213e-08, -0.00967587, 0.999953)
bones/40/rotation = Quaternion(-0.707106, -6.97622e-06, -6.03845e-06, 0.707107)

[node name="GoblinSwordArmorPauldron_Object" parent="GoblinTemplate_Skeleton/Skeleton3D" index="0"]
transform = Transform3D(1, 0.000758618, 4.62966e-08, -0.000758529, 1, -8.52744e-08, -4.63638e-08, 8.30813e-08, 1, -0.156026, 0.624138, 0.003)

[node name="AngryEyebrows_Object" parent="GoblinTemplate_Skeleton/Skeleton3D" index="1"]
transform = Transform3D(0.953014, 0.000758608, -0.302925, -0.000722964, 1, 0.000229803, 0.302925, -2.95141e-09, 0.953014, 0.11498, 0.905913, -0.126371)

[node name="AngryMouth_Object" parent="GoblinTemplate_Skeleton/Skeleton3D" index="2"]
transform = Transform3D(0.953014, 0.000758608, -0.302925, -0.000722964, 1, 0.000229803, 0.302925, -2.95141e-09, 0.953014, 0.0557487, 0.782958, -0.171402)

[node name="DeathEyes_Object" parent="GoblinTemplate_Skeleton/Skeleton3D" index="3"]
transform = Transform3D(0.953014, 0.000758608, -0.302925, -0.000722964, 1, 0.000229803, 0.302925, -2.95141e-09, 0.953014, 0.0964905, 0.859927, -0.134336)

[node name="DeathMouth_Object" parent="GoblinTemplate_Skeleton/Skeleton3D" index="4"]
transform = Transform3D(0.953014, 0.000758608, -0.302925, -0.000722964, 1, 0.000229803, 0.302925, -2.95141e-09, 0.953014, 0.0557487, 0.782958, -0.171402)

[node name="Eyes_Object" parent="GoblinTemplate_Skeleton/Skeleton3D" index="5"]
transform = Transform3D(0.953014, 0.000758608, -0.302925, -0.000722964, 1, 0.000229803, 0.302925, -2.95141e-09, 0.953014, 0.0934613, 0.859929, -0.124806)

[node name="GoblinEars_Object" parent="GoblinTemplate_Skeleton/Skeleton3D" index="6"]
transform = Transform3D(0.953014, 0.000758608, -0.302925, -0.000722964, 1, 0.000229803, 0.302925, -2.95141e-09, 0.953014, 0.165406, 0.849874, 0.0449673)

[node name="GoblinSwordHelmet_Object" parent="GoblinTemplate_Skeleton/Skeleton3D" index="7"]
transform = Transform3D(0.953014, 0.000758608, -0.302925, -0.000722964, 1, 0.000229803, 0.302925, -2.95141e-09, 0.953014, 0.00129567, 0.879999, 0.000140955)

[node name="NeutralEyebrows_Object" parent="GoblinTemplate_Skeleton/Skeleton3D" index="8"]
transform = Transform3D(0.953014, 0.000758608, -0.302925, -0.000722964, 1, 0.000229803, 0.302925, -2.95141e-09, 0.953014, -0.0184421, 0.906014, -0.168781)

[node name="NeutralMouth_Object" parent="GoblinTemplate_Skeleton/Skeleton3D" index="9"]
transform = Transform3D(0.953014, 0.000758608, -0.302925, -0.000722964, 1, 0.000229803, 0.302925, -2.95141e-09, 0.953014, 0.0557487, 0.782958, -0.171402)

[node name="GoblinSword_Object" parent="GoblinTemplate_Skeleton/Skeleton3D" index="10"]
transform = Transform3D(1, 0.000758722, -1.63463e-07, -0.000758632, 0.999999, 6.71297e-07, 1.6389e-07, -6.72779e-07, 1, 0.174032, 0.303938, 0.00300012)

[node name="AnimationTree" type="AnimationTree" parent="." index="2"]
tree_root = SubResource("AnimationNodeStateMachine_w7vyr")
anim_player = NodePath("../AnimationPlayer")
parameters/conditions/Attack1 = false
parameters/conditions/Attack2 = false
parameters/conditions/Idling = false
parameters/conditions/IsDead = false
parameters/conditions/IsMoving = false
