[gd_scene load_steps=10 format=3 uid="uid://cml0kol8ukrxj"]

[ext_resource type="PackedScene" uid="uid://cpkbffbit72ha" path="res://Assets/Goblins/SwordGoblin.glb" id="1_5duub"]

[sub_resource type="AnimationNodeAnimation" id="AnimationNodeAnimation_6f2aj"]
animation = &"GoblinAttack1"

[sub_resource type="AnimationNodeAnimation" id="AnimationNodeAnimation_fuydi"]
animation = &"GoblinAttack2"

[sub_resource type="AnimationNodeAnimation" id="AnimationNodeAnimation_aan35"]
animation = &"GoblinIdle1"

[sub_resource type="AnimationNodeAnimation" id="AnimationNodeAnimation_s131n"]
animation = &"GoblinRun"

[sub_resource type="AnimationNodeStateMachineTransition" id="AnimationNodeStateMachineTransition_radrc"]
advance_mode = 2

[sub_resource type="AnimationNodeStateMachineTransition" id="AnimationNodeStateMachineTransition_jcrxs"]

[sub_resource type="AnimationNodeStateMachineTransition" id="AnimationNodeStateMachineTransition_8iupg"]
switch_mode = 2

[sub_resource type="AnimationNodeStateMachine" id="AnimationNodeStateMachine_2ajkc"]
states/End/position = Vector2(1032, 186)
states/GoblinAttack1/node = SubResource("AnimationNodeAnimation_6f2aj")
states/GoblinAttack1/position = Vector2(726, 146)
states/GoblinAttack2/node = SubResource("AnimationNodeAnimation_fuydi")
states/GoblinAttack2/position = Vector2(789, 22)
states/GoblinIdle1/node = SubResource("AnimationNodeAnimation_aan35")
states/GoblinIdle1/position = Vector2(394, 100)
states/GoblinRun/node = SubResource("AnimationNodeAnimation_s131n")
states/GoblinRun/position = Vector2(394, 223)
states/Start/position = Vector2(237, 100)
transitions = ["Start", "GoblinIdle1", SubResource("AnimationNodeStateMachineTransition_radrc"), "GoblinIdle1", "GoblinRun", SubResource("AnimationNodeStateMachineTransition_jcrxs"), "GoblinRun", "GoblinIdle1", SubResource("AnimationNodeStateMachineTransition_8iupg")]
graph_offset = Vector2(-92, 10)

[node name="SwordGoblin" instance=ExtResource("1_5duub")]

[node name="Skeleton3D" parent="GoblinTemplate_Skeleton" index="0"]
bones/1/position = Vector3(-5.71646e-11, 0.3, 1.16415e-10)
bones/1/rotation = Quaternion(-0.0149808, 0.000654078, -0.0436145, 0.998936)
bones/2/rotation = Quaternion(0.014995, 2.35649e-09, 3.20409e-09, 0.999888)
bones/3/rotation = Quaternion(9.31323e-10, -1.28257e-14, -1.86264e-09, 1)
bones/5/rotation = Quaternion(-0.1461, 0.21364, -0.105899, 0.960103)
bones/6/rotation = Quaternion(4.80259e-08, -3.48987e-09, -0.416785, 0.909005)
bones/7/rotation = Quaternion(8.14947e-10, -5.23864e-10, 2.13913e-09, 1)
bones/8/rotation = Quaternion(1.17142e-07, 8.44284e-10, -0.365804, 0.930692)
bones/9/rotation = Quaternion(2.31484e-07, -7.38772e-09, -0.850922, 0.525292)
bones/10/position = Vector3(0.03, 0.0400001, 1.35841e-09)
bones/11/rotation = Quaternion(0.447214, -4.21097e-09, 1.85628e-07, 0.894427)
bones/12/rotation = Quaternion(0.381102, 0.0622461, -0.723366, 0.572388)
bones/14/rotation = Quaternion(6.66134e-16, 1.19209e-07, -1.86265e-09, 1)
bones/15/rotation = Quaternion(-9.71446e-17, -1.19209e-07, -1.86264e-09, 1)
bones/26/rotation = Quaternion(0.169745, 0.248215, 0.10456, 0.947968)
bones/27/rotation = Quaternion(0.224802, 0.128263, 0.324526, 0.909778)
bones/28/rotation = Quaternion(4.65657e-09, 3.72528e-09, 5.58794e-09, 1)
bones/29/rotation = Quaternion(9.10618e-08, -4.00276e-09, 0.365804, 0.930692)
bones/30/rotation = Quaternion(2.23275e-07, -3.28339e-09, 0.850922, 0.525292)
bones/31/position = Vector3(-0.03, 0.04, -1.23139e-08)
bones/33/rotation = Quaternion(0.447214, 9.03573e-09, -1.64236e-07, 0.894427)
bones/34/rotation = Quaternion(0.381102, -0.0622457, 0.723366, 0.572389)
bones/35/rotation = Quaternion(0.911605, 0.0413594, -0.0185418, 0.408561)
bones/36/rotation = Quaternion(0.340899, 0.0276674, 0.00909324, 0.939649)
bones/37/rotation = Quaternion(-0.81884, -0.00874146, -0.00873884, 0.573889)
bones/38/rotation = Quaternion(0.898945, -0.0407697, -0.0197559, -0.435712)
bones/39/rotation = Quaternion(0.130099, -0.0105587, -0.00959423, 0.991399)
bones/40/rotation = Quaternion(-0.88647, 0.0151428, 0.0151385, 0.46229)

[node name="GoblinSwordArmorPauldron_Object" parent="GoblinTemplate_Skeleton/Skeleton3D" index="0"]
transform = Transform3D(0.996195, -0.0871557, 2.04785e-08, 0.0871556, 0.996195, -1.141e-07, -1.06335e-08, 1.16415e-07, 1, -0.186479, 0.639057, 0.00300002)

[node name="AngryEyebrows_Object" parent="GoblinTemplate_Skeleton/Skeleton3D" index="1"]
transform = Transform3D(0.996195, -0.0871558, 1.9922e-08, 0.0871558, 0.996195, -1.14149e-07, -1.00749e-08, 1.16415e-07, 1, 0.0143026, 0.939681, -0.155)

[node name="AngryMouth_Object" parent="GoblinTemplate_Skeleton/Skeleton3D" index="2"]
transform = Transform3D(0.996195, -0.0871558, 1.9922e-08, 0.0871558, 0.996195, -1.14149e-07, -1.00749e-08, 1.16415e-07, 1, -0.0447108, 0.811048, -0.18)

[node name="DeathEyes_Object" parent="GoblinTemplate_Skeleton/Skeleton3D" index="3"]
transform = Transform3D(0.996195, -0.0871558, 1.9922e-08, 0.0871558, 0.996195, -1.14149e-07, -1.00749e-08, 1.16415e-07, 1, -0.0016121, 0.892112, -0.157)

[node name="DeathMouth_Object" parent="GoblinTemplate_Skeleton/Skeleton3D" index="4"]
transform = Transform3D(0.996195, -0.0871558, 1.9922e-08, 0.0871558, 0.996195, -1.14149e-07, -1.00749e-08, 1.16415e-07, 1, -0.0447108, 0.811048, -0.18)

[node name="Eyes_Object" parent="GoblinTemplate_Skeleton/Skeleton3D" index="5"]
transform = Transform3D(0.996195, -0.0871558, 1.9922e-08, 0.0871558, 0.996195, -1.14149e-07, -1.00749e-08, 1.16415e-07, 1, -0.0016121, 0.892112, -0.147)

[node name="GoblinEars_Object" parent="GoblinTemplate_Skeleton/Skeleton3D" index="6"]
transform = Transform3D(0.996195, -0.0871558, 1.9922e-08, 0.0871558, 0.996195, -1.14149e-07, -1.00749e-08, 1.16415e-07, 1, 0.118803, 0.892609, -0.00699985)

[node name="GoblinSwordHelmet_Object" parent="GoblinTemplate_Skeleton/Skeleton3D" index="7"]
transform = Transform3D(0.996195, -0.0871558, 1.9922e-08, 0.0871558, 0.996195, -1.14149e-07, -1.00749e-08, 1.16415e-07, 1, -0.053165, 0.907679, 5.9139e-08)

[node name="NeutralEyebrows_Object" parent="GoblinTemplate_Skeleton/Skeleton3D" index="8"]
transform = Transform3D(0.996195, -0.0871558, 1.9922e-08, 0.0871558, 0.996195, -1.14149e-07, -1.00749e-08, 1.16415e-07, 1, -0.125165, 0.927479, -0.155)

[node name="NeutralMouth_Object" parent="GoblinTemplate_Skeleton/Skeleton3D" index="9"]
transform = Transform3D(0.996195, -0.0871558, 1.9922e-08, 0.0871558, 0.996195, -1.14149e-07, -1.00749e-08, 1.16415e-07, 1, -0.0447108, 0.811048, -0.18)

[node name="GoblinSword_Object" parent="GoblinTemplate_Skeleton/Skeleton3D" index="10"]
transform = Transform3D(0.974664, -0.209262, 0.0789894, 0.158939, 0.399479, -0.902859, 0.157379, 0.892539, 0.422618, 0.214385, 0.470148, -0.167793)

[node name="AnimationTree" type="AnimationTree" parent="." index="2"]
tree_root = SubResource("AnimationNodeStateMachine_2ajkc")
anim_player = NodePath("../AnimationPlayer")
