[gd_scene load_steps=2 format=3 uid="uid://cml0kol8ukrxj"]

[ext_resource type="PackedScene" uid="uid://cpkbffbit72ha" path="res://Assets/Goblins/SwordGoblin.glb" id="1_5duub"]

[node name="SwordGoblin" instance=ExtResource("1_5duub")]

[node name="Skeleton3D" parent="GoblinTemplate_Skeleton" index="0"]
bones/1/position = Vector3(-2.63908e-17, 0.27, 8.93674e-10)
bones/1/rotation = Quaternion(-0.0149808, 0.000654073, 0.0436145, 0.998936)
bones/2/rotation = Quaternion(0.0149808, 0.000654077, -0.0436145, 0.998936)
bones/3/rotation = Quaternion(9.32603e-10, 4.82947e-13, 8.24311e-13, 1)
bones/5/rotation = Quaternion(0.145438, 0.140019, 0.317002, 0.926689)
bones/6/rotation = Quaternion(0.273505, -0.480116, 0.417517, 0.721362)
bones/7/rotation = Quaternion(-0.0436193, -5.59326e-09, 1.16526e-08, 0.999048)
bones/8/rotation = Quaternion(7.45046e-09, -7.45058e-09, 6.51926e-09, 1)
bones/9/rotation = Quaternion(7.45066e-09, -7.45058e-09, 6.51926e-09, 1)
bones/10/position = Vector3(0.03, 0.04, -1.81994e-08)
bones/11/rotation = Quaternion(0.447214, -7.20781e-09, 1.8557e-07, 0.894427)
bones/12/rotation = Quaternion(0.316228, -1.06281e-08, 1.26403e-07, 0.948683)
bones/14/rotation = Quaternion(1.27542e-12, 1.1921e-07, 8.17124e-13, 1)
bones/15/rotation = Quaternion(1.28075e-12, -1.19209e-07, 8.2423e-13, 1)
bones/26/rotation = Quaternion(0.145439, -0.140019, -0.317002, 0.926689)
bones/27/rotation = Quaternion(0.273505, 0.480116, -0.417517, 0.721362)
bones/28/rotation = Quaternion(-0.0436193, -9.32211e-09, -1.02543e-08, 0.999048)
bones/29/rotation = Quaternion(-1.86253e-09, -1.11759e-08, -1.02445e-08, 1)
bones/30/rotation = Quaternion(-1.86273e-09, -1.11759e-08, -1.02445e-08, 1)
bones/31/position = Vector3(-0.0299999, 0.04, 1.46944e-08)
bones/33/rotation = Quaternion(0.447214, -1.30388e-08, -1.70067e-07, 0.894427)
bones/34/rotation = Quaternion(0.316227, 4.9809e-09, -1.18296e-07, 0.948683)
bones/35/rotation = Quaternion(0.960948, 0.0439368, -0.0110806, -0.272993)
bones/36/rotation = Quaternion(0.382666, 0.00370428, 0.00894137, 0.923836)
bones/37/rotation = Quaternion(-0.707106, 8.53184e-06, 8.60675e-06, 0.707107)
bones/38/rotation = Quaternion(0.898945, -0.0413436, 0.0185419, -0.435712)
bones/39/rotation = Quaternion(0.342004, -0.00331008, -0.00909497, 0.939649)
bones/40/rotation = Quaternion(-0.707107, -8.62889e-06, -8.70667e-06, 0.707107)

[node name="GoblinSwordArmorPauldron_Object" parent="GoblinTemplate_Skeleton/Skeleton3D" index="0"]
transform = Transform3D(0.999997, -3.90103e-05, 0.00261352, 3.92497e-05, 1, -0.000114056, -0.00261351, 0.00011416, 0.999996, -0.147509, 0.623633, 0.00342586)

[node name="AngryEyebrows_Object" parent="GoblinTemplate_Skeleton/Skeleton3D" index="1"]
transform = Transform3D(0.999997, -3.9074e-05, 0.00261352, 3.93672e-05, 1, -0.000114056, -0.00261351, 0.000114161, 0.999997, 0.0782854, 0.90564, -0.155133)

[node name="AngryMouth_Object" parent="GoblinTemplate_Skeleton/Skeleton3D" index="2"]
transform = Transform3D(0.999997, -3.9074e-05, 0.00261352, 3.93672e-05, 1, -0.000114056, -0.00261351, 0.000114161, 0.999997, 0.00822514, 0.78264, -0.179964)

[node name="DeathEyes_Object" parent="GoblinTemplate_Skeleton/Skeleton3D" index="3"]
transform = Transform3D(0.999997, -3.9074e-05, 0.00261352, 3.93672e-05, 1, -0.000114056, -0.00261351, 0.000114161, 0.999997, 0.0582821, 0.859639, -0.157086)

[node name="DeathMouth_Object" parent="GoblinTemplate_Skeleton/Skeleton3D" index="4"]
transform = Transform3D(0.999997, -3.9074e-05, 0.00261352, 3.93672e-05, 1, -0.000114056, -0.00261351, 0.000114161, 0.999997, 0.00822514, 0.78264, -0.179964)

[node name="Eyes_Object" parent="GoblinTemplate_Skeleton/Skeleton3D" index="5"]
transform = Transform3D(0.999997, -3.9074e-05, 0.00261352, 3.93672e-05, 1, -0.000114056, -0.00261351, 0.000114161, 0.999997, 0.0583082, 0.859638, -0.147086)

[node name="GoblinEars_Object" parent="GoblinTemplate_Skeleton/Skeleton3D" index="6"]
transform = Transform3D(0.999997, -3.9074e-05, 0.00261352, 3.93672e-05, 1, -0.000114056, -0.00261351, 0.000114161, 0.999997, 0.178674, 0.849627, -0.00740079)

[node name="GoblinSwordHelmet_Object" parent="GoblinTemplate_Skeleton/Skeleton3D" index="7"]
transform = Transform3D(0.999997, -3.9074e-05, 0.00261352, 3.93672e-05, 1, -0.000114056, -0.00261351, 0.000114161, 0.999997, 0.00869172, 0.87962, 4.68178e-05)

[node name="NeutralEyebrows_Object" parent="GoblinTemplate_Skeleton/Skeleton3D" index="8"]
transform = Transform3D(0.999997, -3.9074e-05, 0.00261352, 3.93672e-05, 1, -0.000114056, -0.00261351, 0.000114161, 0.999997, -0.0617141, 0.905635, -0.154767)

[node name="NeutralMouth_Object" parent="GoblinTemplate_Skeleton/Skeleton3D" index="9"]
transform = Transform3D(0.999997, -3.9074e-05, 0.00261352, 3.93672e-05, 1, -0.000114056, -0.00261351, 0.000114161, 0.999997, 0.00822514, 0.78264, -0.179964)

[node name="GoblinSword_Object" parent="GoblinTemplate_Skeleton/Skeleton3D" index="10"]
transform = Transform3D(-0.0494127, -0.377194, 0.924815, 0.349473, -0.873944, -0.337773, 0.935643, 0.306507, 0.175003, 0.30645, 0.668112, -0.109292)
