[gd_scene load_steps=2 format=3 uid="uid://qjwug8c72y0u"]

[ext_resource type="PackedScene" uid="uid://bqrbnfq84qs82" path="res://Assets/Goblins/CrossbowGoblin.glb" id="1_nfd3y"]

[node name="CrossbowGoblin" instance=ExtResource("1_nfd3y")]

[node name="Skeleton3D" parent="GoblinTemplate_Skeleton" index="0"]
bones/1/position = Vector3(3.98864e-11, 0.24, 7.567e-10)
bones/1/rotation = Quaternion(-0.0149951, 7.38395e-09, -5.21424e-09, 0.999888)
bones/2/rotation = Quaternion(0.0149951, -7.32336e-09, 1.48407e-09, 0.999888)
bones/3/rotation = Quaternion(9.31323e-10, -7.10195e-15, 4.07054e-17, 1)
bones/5/rotation = Quaternion(0.0123142, -0.0180068, -0.109608, 0.993735)
bones/6/rotation = Quaternion(0.113477, -0.0647452, -0.374204, 0.918097)
bones/7/rotation = Quaternion(-9.60381e-10, -1.62979e-09, 1.39698e-09, 1)
bones/8/rotation = Quaternion(1.06384e-07, -3.50239e-09, -0.365804, 0.930692)
bones/9/rotation = Quaternion(2.30389e-07, -4.7883e-09, -0.850922, 0.525292)
bones/10/position = Vector3(0.03, 0.04, -6.11566e-10)
bones/11/rotation = Quaternion(0.447214, -2.08211e-10, 2.33733e-07, 0.894427)
bones/12/rotation = Quaternion(0.381102, 0.062246, -0.723366, 0.572388)
bones/13/rotation = Quaternion(4.08346e-18, 1.19209e-07, 7.03087e-17, 1)
bones/14/rotation = Quaternion(0.0436194, -1.19096e-07, 5.19984e-09, 0.999048)
bones/25/rotation = Quaternion(0.446948, 0.268169, 0.0250812, 0.85305)
bones/26/rotation = Quaternion(0.126502, 0.331169, 0.304518, 0.884078)
bones/27/rotation = Quaternion(3.23038e-09, -0.0436194, 2.38231e-15, 0.999048)
bones/28/rotation = Quaternion(1.09157e-07, 2.2088e-08, 0.112459, 0.993656)
bones/29/rotation = Quaternion(1.96608e-07, 2.2851e-08, 0.717057, 0.697014)
bones/30/position = Vector3(-0.0299999, 0.04, -2.0295e-08)
bones/33/rotation = Quaternion(0.447214, -2.6068e-11, -2.3307e-07, 0.894427)
bones/34/rotation = Quaternion(0.248181, -0.217335, 0.692747, 0.641306)
bones/42/rotation = Quaternion(0.99886, 0.0453093, 0.000672223, -0.014979)
bones/43/rotation = Quaternion(0.236907, 0.0192274, 0.00939961, 0.971297)
bones/44/rotation = Quaternion(-0.854485, -0.0119688, -0.0119674, 0.519201)
bones/45/rotation = Quaternion(0.99886, -0.0453093, -0.000672181, -0.014979)
bones/46/rotation = Quaternion(0.236907, -0.0192273, -0.00939962, 0.971297)
bones/47/rotation = Quaternion(-0.854485, 0.0119687, 0.0119672, 0.519201)

[node name="AngryEyebrows_Object" parent="GoblinTemplate_Skeleton/Skeleton3D" index="0"]
transform = Transform3D(1, 2.6506e-08, 7.837e-10, -2.64734e-08, 0.996195, 0.0871558, 1.52954e-09, -0.0871557, 0.996195, 0.07, 0.861902, -0.161894)

[node name="AngryMouth_Object" parent="GoblinTemplate_Skeleton/Skeleton3D" index="1"]
transform = Transform3D(1, 2.6506e-08, 7.837e-10, -2.64734e-08, 0.996195, 0.0871558, 1.52954e-09, -0.0871557, 0.996195, 5.30983e-08, 0.737191, -0.176079)

[node name="DeathEyes_Object" parent="GoblinTemplate_Skeleton/Skeleton3D" index="2"]
transform = Transform3D(1, 2.6506e-08, 7.837e-10, -2.64734e-08, 0.996195, 0.0871558, 1.52954e-09, -0.0871557, 0.996195, 0.05, 0.815902, -0.159877)

[node name="DeathMouth_Object" parent="GoblinTemplate_Skeleton/Skeleton3D" index="3"]
transform = Transform3D(1, 2.6506e-08, 7.837e-10, -2.64734e-08, 0.996195, 0.0871558, 1.52954e-09, -0.0871557, 0.996195, 5.30983e-08, 0.737191, -0.176079)

[node name="Eyes_Object" parent="GoblinTemplate_Skeleton/Skeleton3D" index="4"]
transform = Transform3D(1, 2.6506e-08, 7.837e-10, -2.64734e-08, 0.996195, 0.0871558, 1.52954e-09, -0.0871557, 0.996195, 0.05, 0.816774, -0.149915)

[node name="GoblinEars_Object" parent="GoblinTemplate_Skeleton/Skeleton3D" index="5"]
transform = Transform3D(1, 2.6506e-08, 7.837e-10, -2.64734e-08, 0.996195, 0.0871558, 1.52954e-09, -0.0871557, 0.996195, 0.17, 0.819014, -0.00957651)

[node name="GoblinRangedHood_Object" parent="GoblinTemplate_Skeleton/Skeleton3D" index="6"]
transform = Transform3D(0.197119, 5.22482e-09, 1.65741e-10, -5.21939e-09, 0.196369, 0.01718, 2.90285e-10, -0.01718, 0.196369, -7.6143e-09, 0.644667, 0.0628945)

[node name="NeutralEyebrows_Object" parent="GoblinTemplate_Skeleton/Skeleton3D" index="7"]
transform = Transform3D(1, 2.6506e-08, 7.837e-10, -2.64734e-08, 0.996195, 0.0871558, 1.52954e-09, -0.0871557, 0.996195, -0.07, 0.861902, -0.161894)

[node name="NeutralMouth_Object" parent="GoblinTemplate_Skeleton/Skeleton3D" index="8"]
transform = Transform3D(1, 2.6506e-08, 7.837e-10, -2.64734e-08, 0.996195, 0.0871558, 1.52954e-09, -0.0871557, 0.996195, 5.30983e-08, 0.737191, -0.176079)

[node name="GoblinRangedCrossbow_Object" parent="GoblinTemplate_Skeleton/Skeleton3D" index="9"]
transform = Transform3D(0.00493777, 0.999974, -0.00520812, -0.037124, -0.00502135, -0.999298, -0.999298, 0.00512784, 0.0370981, 0.18884, 0.463559, -0.211313)

[node name="Arrow_Object" parent="GoblinTemplate_Skeleton/Skeleton3D" index="10"]
transform = Transform3D(-0.00520824, 0.00493765, 0.999974, -0.999298, -0.037124, -0.00502148, 0.0370981, -0.999298, 0.00512773, 0.190086, 0.554922, -0.364806)

[node name="GoblinRangerQuiver" parent="GoblinTemplate_Skeleton/Skeleton3D" index="11"]
transform = Transform3D(1, -7.46132e-09, 9.35074e-12, 7.46131e-09, 1, -9.3132e-10, -9.26548e-12, 9.31323e-10, 1, -0.1, 0.51, 0.18)

[node name="Arrow1_Object" parent="GoblinTemplate_Skeleton/Skeleton3D" index="12"]
transform = Transform3D(-5.94742e-07, 0.50114, 0.865366, -0.173648, -0.852219, 0.493527, 0.984808, -0.150269, 0.0870228, -0.145734, 0.58407, 0.195881)

[node name="Arrow2_Object" parent="GoblinTemplate_Skeleton/Skeleton3D" index="13"]
transform = Transform3D(-7.13316e-07, 0.343258, 0.939241, -0.258819, -0.907238, 0.331561, 0.965926, -0.243093, 0.0888423, -0.115734, 0.58407, 0.195881)

[node name="Arrow3_Object" parent="GoblinTemplate_Skeleton/Skeleton3D" index="14"]
transform = Transform3D(-7.15246e-07, 0.574655, 0.818396, -4.47966e-07, -0.818396, 0.574655, 1, 5.88371e-08, 8.94597e-07, -0.155734, 0.58407, 0.175881)

[node name="Arrow4_Object" parent="GoblinTemplate_Skeleton/Skeleton3D" index="15"]
transform = Transform3D(-8.3316e-07, 0.174945, 0.984578, -0.173648, -0.96962, 0.172287, 0.984808, -0.17097, 0.0303796, -0.105734, 0.60407, 0.175881)

[node name="Arrow5_Object" parent="GoblinTemplate_Skeleton/Skeleton3D" index="16"]
transform = Transform3D(-4.78124e-07, 0.343258, 0.939241, 0.173648, -0.924972, 0.338043, 0.984808, 0.163097, -0.0596054, -0.135734, 0.58407, 0.175881)

[node name="Arrow6_Object" parent="GoblinTemplate_Skeleton/Skeleton3D" index="17"]
transform = Transform3D(-5.96037e-07, 0.343258, 0.939241, -1.94646e-07, -0.939241, 0.343258, 1, 1.40232e-08, 5.36753e-07, -0.105734, 0.59407, 0.175881)
